(
(0.00 0.0000921979)
(0.01 0.0000893709)
(0.02 0.0000881956)
(0.03 0.0000899365)
(0.04 0.0000954199)
(0.05 0.0001048934)
(0.06 0.0001179690)
(0.07 0.0001336551)
(0.08 0.0001504774)
(0.09 0.0001666672)
(0.10 0.0001803959)
(0.11 0.0001900185)
(0.12 0.0001942957)
(0.13 0.0001925607)
(0.14 0.0001848095)
(0.15 0.0001717009)
(0.16 0.0001544662)
(0.17 0.0001347422)
(0.18 0.0001143495)
(0.19 0.0000950485)
(0.20 0.0000783052)
(0.21 0.0000651026)
(0.22 0.0000558205)
(0.23 0.0000502020)
(0.24 0.0000474123)
(0.25 0.0000461776)
(0.26 0.0000449887)
(0.27 0.0000423362)
(0.28 0.0000369468)
(0.29 0.0000279861)
(0.30 0.0000151981)
(0.31 0.0000000000)
(0.32 0.0000000000)
(0.33 0.0000000000)
(0.34 0.0000000000)
(0.35 0.0000000000)
(0.36 0.0000000000)
(0.37 0.0000000000)
(0.38 0.0000000000)
(0.39 0.0000000000)
(0.40 0.0000000000)
(0.41 0.0000000000)
(0.42 0.0000000000)
(0.43 0.0000000000)
(0.44 0.0000000000)
(0.45 0.0000071898)
(0.46 0.0000188547)
(0.47 0.0000266712)
(0.48 0.0000308927)
(0.49 0.0000323510)
(0.50 0.0000921979)
(0.51 0.0000893709)
(0.52 0.0000881956)
(0.53 0.0000899365)
(0.54 0.0000954199)
(0.55 0.0001048934)
(0.56 0.0001179690)
(0.57 0.0001336551)
(0.58 0.0001504774)
(0.59 0.0001666672)
(0.60 0.0001803959)
(0.61 0.0001900185)
(0.62 0.0001942957)
(0.63 0.0001925607)
(0.64 0.0001848095)
(0.65 0.0001717009)
(0.66 0.0001544662)
(0.67 0.0001347422)
(0.68 0.0001143495)
(0.69 0.0000950485)
(0.70 0.0000783052)
(0.71 0.0000651026)
(0.72 0.0000558205)
(0.73 0.0000502020)
(0.74 0.0000474123)
(0.75 0.0000461776)
(0.76 0.0000449887)
(0.77 0.0000423362)
(0.78 0.0000369468)
(0.79 0.0000279861)
(0.80 0.0000151981)
(0.81 0.0000000000)
(0.82 0.0000000000)
(0.83 0.0000000000)
(0.84 0.0000000000)
(0.85 0.0000000000)
(0.86 0.0000000000)
(0.87 0.0000000000)
(0.88 0.0000000000)
(0.89 0.0000000000)
(0.90 0.0000000000)
(0.91 0.0000000000)
(0.92 0.0000000000)
(0.93 0.0000000000)
(0.94 0.0000000000)
(0.95 0.0000071898)
(0.96 0.0000188547)
(0.97 0.0000266712)
(0.98 0.0000308927)
(0.99 0.0000323510)
(1.00 0.0000921979)
(1.01 0.0000893709)
(1.02 0.0000881956)
(1.03 0.0000899365)
(1.04 0.0000954199)
(1.05 0.0001048934)
(1.06 0.0001179690)
(1.07 0.0001336551)
(1.08 0.0001504774)
(1.09 0.0001666672)
(1.10 0.0001803959)
(1.11 0.0001900185)
(1.12 0.0001942957)
(1.13 0.0001925607)
(1.14 0.0001848095)
(1.15 0.0001717009)
(1.16 0.0001544662)
(1.17 0.0001347422)
(1.18 0.0001143495)
(1.19 0.0000950485)
(1.20 0.0000783052)
(1.21 0.0000651026)
(1.22 0.0000558205)
(1.23 0.0000502020)
(1.24 0.0000474123)
(1.25 0.0000461776)
(1.26 0.0000449887)
(1.27 0.0000423362)
(1.28 0.0000369468)
(1.29 0.0000279861)
(1.30 0.0000151981)
(1.31 0.0000000000)
(1.32 0.0000000000)
(1.33 0.0000000000)
(1.34 0.0000000000)
(1.35 0.0000000000)
(1.36 0.0000000000)
(1.37 0.0000000000)
(1.38 0.0000000000)
(1.39 0.0000000000)
(1.40 0.0000000000)
(1.41 0.0000000000)
(1.42 0.0000000000)
(1.43 0.0000000000)
(1.44 0.0000000000)
(1.45 0.0000071898)
(1.46 0.0000188547)
(1.47 0.0000266712)
(1.48 0.0000308927)
(1.49 0.0000323510)
(1.50 0.0000921979)
(1.51 0.0000893709)
(1.52 0.0000881956)
(1.53 0.0000899365)
(1.54 0.0000954199)
(1.55 0.0001048934)
(1.56 0.0001179690)
(1.57 0.0001336551)
(1.58 0.0001504774)
(1.59 0.0001666672)
(1.60 0.0001803959)
(1.61 0.0001900185)
(1.62 0.0001942957)
(1.63 0.0001925607)
(1.64 0.0001848095)
(1.65 0.0001717009)
(1.66 0.0001544662)
(1.67 0.0001347422)
(1.68 0.0001143495)
(1.69 0.0000950485)
(1.70 0.0000783052)
(1.71 0.0000651026)
(1.72 0.0000558205)
(1.73 0.0000502020)
(1.74 0.0000474123)
(1.75 0.0000461776)
(1.76 0.0000449887)
(1.77 0.0000423362)
(1.78 0.0000369468)
(1.79 0.0000279861)
(1.80 0.0000151981)
(1.81 0.0000000000)
(1.82 0.0000000000)
(1.83 0.0000000000)
(1.84 0.0000000000)
(1.85 0.0000000000)
(1.86 0.0000000000)
(1.87 0.0000000000)
(1.88 0.0000000000)
(1.89 0.0000000000)
(1.90 0.0000000000)
(1.91 0.0000000000)
(1.92 0.0000000000)
(1.93 0.0000000000)
(1.94 0.0000000000)
(1.95 0.0000071898)
(1.96 0.0000188547)
(1.97 0.0000266712)
(1.98 0.0000308927)
(1.99 0.0000323510)
(2.00 0.0000921979)
)
